{
    "asset": {
        "version": "1.0"
    },
    "geometricError": 200,
    "root": {
        "boundingVolume": {
            "region": [
                0.1490659708841027,
                0.8268796019056822,
                0.149095838079745,
                0.8268861868705208,
                408.0,
                444.0
            ]
        },
        "geometricError": 50,
        "refine": "ADD",
        "children": [
            {
                "boundingVolume": {
                    "region": [
                        0.1490659708841027,
                        0.8268796019056822,
                        0.14906782311328984,
                        0.8268814833242076,
                        408.0,
                        423.0
                    ]
                },
                "geometricError": 0,
                "transform": [
                    -0.14851544229057786,
                    0.9889100886335593,
                    0.0,
                    0.0,
                    -0.727662331215878,
                    -0.10928100966999445,
                    0.677174418192965,
                    0.0,
                    0.669664613915584,
                    0.10057085822579293,
                    0.7358225379430964,
                    0.0,
                    4279247.636287805,
                    642661.4134884111,
                    4670530.733227586,
                    1.0
                ],
                "content": {
                    "uri": "building_1.b3dm"
                }
            },
            {
                "boundingVolume": {
                    "region": [
                        0.14907291674355438,
                        0.8268799154754365,
                        0.14907476897274152,
                        0.8268811697544534,
                        408.0,
                        432.0
                    ]
                },
                "geometricError": 0,
                "transform": [
                    -0.1485223111174812,
                    0.9889090570423158,
                    0.0,
                    0.0,
                    -0.7276615721477909,
                    -0.10928606390763916,
                    0.677174418192965,
                    0.0,
                    0.6696639153483838,
                    0.10057550961965488,
                    0.7358225379430963,
                    0.0,
                    4279243.172348726,
                    642691.1365255488,
                    4670530.733227586,
                    1.0
                ],
                "content": {
                    "uri": "building_2.b3dm"
                }
            },
            {
                "boundingVolume": {
                    "region": [
                        0.1490793995457093,
                        0.8268799154754365,
                        0.14908217788949,
                        0.8268811697544534,
                        408.0,
                        426.0
                    ]
                },
                "geometricError": 0,
                "transform": [
                    -0.1485291799372192,
                    0.9889080254033624,
                    0.0,
                    0.0,
                    -0.7276608130445981,
                    -0.10929111814001144,
                    0.6771744181929651,
                    0.0,
                    0.6696632167488757,
                    0.1005801610086646,
                    0.7358225379430963,
                    0.0,
                    4279238.708203195,
                    642720.8595316801,
                    4670530.733227586,
                    1.0
                ],
                "content": {
                    "uri": "building_3.b3dm"
                }
            },
            {
                "boundingVolume": {
                    "region": [
                        0.14908634540516102,
                        0.8268797586905594,
                        0.1490891237489417,
                        0.8268813265393304,
                        408.0,
                        423.0
                    ]
                },
                "geometricError": 0,
                "transform": [
                    -0.14853604874979134,
                    0.9889069937166992,
                    0.0,
                    0.0,
                    -0.7276600539062992,
                    -0.10929617236711094,
                    0.6771744181929651,
                    0.0,
                    0.6696625181170599,
                    0.10058481239282183,
                    0.7358225379430964,
                    0.0,
                    4279234.243851212,
                    642750.5825068032,
                    4670530.733227586,
                    1.0
                ],
                "content": {
                    "uri": "building_4.b3dm"
                }
            },
            {
                "boundingVolume": {
                    "region": [
                        0.14909375432190947,
                        0.8268799154754365,
                        0.1490956065510966,
                        0.8268811697544534,
                        408.0,
                        420.0
                    ]
                },
                "geometricError": 0,
                "transform": [
                    -0.14854291755519736,
                    0.9889059619823262,
                    0.0,
                    0.0,
                    -0.7276592947328943,
                    -0.10930122658893743,
                    0.677174418192965,
                    0.0,
                    0.6696618194529361,
                    0.10058946377212635,
                    0.7358225379430964,
                    0.0,
                    4279229.779292777,
                    642780.3054509169,
                    4670530.733227586,
                    1.0
                ],
                "content": {
                    "uri": "building_5.b3dm"
                }
            },
            {
                "boundingVolume": {
                    "region": [
                        0.1490659708841027,
                        0.8268843054519954,
                        0.14906782311328984,
                        0.8268861868705208,
                        408.0,
                        428.0
                    ]
                },
                "geometricError": 0,
                "transform": [
                    -0.14851544229057786,
                    0.9889100886335593,
                    0.0,
                    0.0,
                    -0.7276654810063545,
                    -0.10928148270847504,
                    0.6771709572100888,
                    0.0,
                    0.6696611913147011,
                    0.10057034421639031,
                    0.735825723056195,
                    0.0,
                    4279225.832783199,
                    642658.139017691,
                    4670551.023828358,
                    1.0
                ],
                "content": {
                    "uri": "building_6.b3dm"
                }
            },
            {
                "boundingVolume": {
                    "region": [
                        0.1490724536862576,
                        0.8268846190217497,
                        0.1490752320300383,
                        0.8268858733007666,
                        408.0,
                        420.0
                    ]
                },
                "geometricError": 0,
                "transform": [
                    -0.1485223111174812,
                    0.9889090570423158,
                    0.0,
                    0.0,
                    -0.7276647219349819,
                    -0.10928653696799774,
                    0.6771709572100889,
                    0.0,
                    0.6696604927510713,
                    0.10057499558647937,
                    0.7358257230561949,
                    0.0,
                    4279221.368866865,
                    642687.8619033848,
                    4670551.023828358,
                    1.0
                ],
                "content": {
                    "uri": "building_7.b3dm"
                }
            },
            {
                "boundingVolume": {
                    "region": [
                        0.1490798626030061,
                        0.8268844622368726,
                        0.14908171483219324,
                        0.8268860300856435,
                        408.0,
                        444.0
                    ]
                },
                "geometricError": 0,
                "transform": [
                    -0.1485291799372192,
                    0.9889080254033624,
                    0.0,
                    0.0,
                    -0.7276639628285031,
                    -0.109291591222248,
                    0.6771709572100888,
                    0.0,
                    0.6696597941551338,
                    0.10057964695171624,
                    0.735825723056195,
                    0.0,
                    4279216.904744079,
                    642717.5847580723,
                    4670551.023828358,
                    1.0
                ],
                "content": {
                    "uri": "building_8.b3dm"
                }
            },
            {
                "boundingVolume": {
                    "region": [
                        0.1490868084624578,
                        0.8268846190217497,
                        0.14908866069164492,
                        0.8268858733007666,
                        408.0,
                        432.0
                    ]
                },
                "geometricError": 0,
                "transform": [
                    -0.14853604874979134,
                    0.9889069937166992,
                    0.0,
                    0.0,
                    -0.7276632036869182,
                    -0.10929664547122542,
                    0.6771709572100889,
                    0.0,
                    0.6696590955268885,
                    0.10058429831210061,
                    0.735825723056195,
                    0.0,
                    4279212.440414843,
                    642747.3075817517,
                    4670551.023828358,
                    1.0
                ],
                "content": {
                    "uri": "building_9.b3dm"
                }
            },
            {
                "boundingVolume": {
                    "region": [
                        0.1490935227932611,
                        0.8268844622368726,
                        0.149095838079745,
                        0.8268860300856435,
                        408.0,
                        444.0
                    ]
                },
                "geometricError": 0,
                "transform": [
                    -0.14854291755519736,
                    0.9889059619823262,
                    0.0,
                    0.0,
                    -0.7276624445102272,
                    -0.10930169971492985,
                    0.6771709572100889,
                    0.0,
                    0.6696583968663355,
                    0.10058894966763231,
                    0.735825723056195,
                    0.0,
                    4279207.975879157,
                    642777.0303744219,
                    4670551.023828358,
                    1.0
                ],
                "content": {
                    "uri": "building_10.b3dm"
                }
            }
        ]
    }
}